
Array : 67 82 38 90 90 5 49 55 98 99
Key best case : 67
Key worst case : 9999
Key average case : 5

Array : 45 84 68 19 82 20 70 24 37 34 75 55 52 48 13 24 97 25 72 90
Key best case : 45
Key worst case : 9999
Key average case : 75

Array : 72 91 25 63 82 15 68 31 70 18 83 67 2 51 39 84 24 61 9 13 95 36 20 47 84 85 71 33 10 95
Key best case : 72
Key worst case : 9999
Key average case : 84

Array : 23 83 39 48 98 73 63 66 56 86 85 39 5 87 43 44 24 67 5 33 32 52 69 52 51 5 38 75 38 48 22 13 83 61 62 81 86 77 0 43
Key best case : 23
Key worst case : 9999
Key average case : 32

Array : 15 37 34 21 24 77 17 0 96 75 85 80 27 6 33 79 63 23 6 1 23 28 67 59 90 29 40 28 58 92 23 74 29 58 47 6 87 64 6 84 91 92 64 71 98 49 50 62 72 8
Key best case : 15
Key worst case : 9999
Key average case : 29

Array : 15 48 36 34 7 78 15 99 7 74 92 30 0 73 88 47 79 76 63 38 12 55 82 28 26 32 78 28 46 2 36 14 50 24 48 9 3 64 9 10 38 53 92 90 26 81 37 58 9 0 96 73 7 30 1 85 62 31 13 9
Key best case : 15
Key worst case : 9999
Key average case : 36

Array : 86 1 23 36 26 23 98 29 87 7 91 77 12 83 67 38 16 56 48 77 57 96 50 16 26 4 2 89 35 67 50 73 69 73 10 47 96 60 28 36 19 19 13 31 54 33 21 71 89 70 48 98 66 51 15 93 55 69 34 42 36 84 16 57 9 78 56 5 90 84
Key best case : 86
Key worst case : 9999
Key average case : 47

Array : 93 9 55 59 40 10 92 61 33 33 31 81 32 50 84 99 95 91 68 29 86 56 13 54 14 22 32 70 79 22 7 73 83 62 84 23 24 76 84 57 9 68 91 93 70 75 92 65 19 60 94 5 17 7 59 83 81 43 5 60 17 12 85 0 27 69 23 51 97 59 61 59 79 4 52 49 31 97 66 50
Key best case : 93
Key worst case : 9999
Key average case : 9

Array : 9 60 55 78 19 66 61 52 9 67 65 26 31 50 78 58 72 1 62 21 13 75 80 92 79 85 94 62 82 60 13 43 73 20 22 92 87 83 45 48 2 10 75 34 12 53 44 36 7 58 58 72 33 90 64 64 27 10 27 61 23 92 5 96 12 27 40 51 10 37 0 13 47 27 99 12 32 43 48 91 54 58 63 87 49 80 4 28 90 31
Key best case : 9
Key worst case : 9999
Key average case : 53

Array : 90 65 75 95 61 87 22 2 39 84 39 91 49 39 18 48 3 2 44 51 94 98 62 57 37 63 37 41 91 80 24 81 45 99 28 7 39 50 61 30 35 52 21 84 43 91 85 46 93 81 98 87 31 12 97 68 75 34 62 66 66 38 0 12 38 28 71 29 79 84 59 66 36 32 2 80 23 39 26 68 20 76 8 51 40 5 72 15 91 34 34 58 72 34 70 62 14 41 91 45
Key best case : 90
Key worst case : 9999
Key average case : 98
